1.000000000000000000e+00 0.000000000000000000e+00 0.000000000000000000e+00
9.999996939954642894e-01 -7.835957713442853138e-05 7.783757153841441628e-04
9.999991506081312709e-01 9.077339967744481959e-05 1.300208908646270384e-03
9.999990588637828193e-01 2.925641606375713188e-04 1.340402089132723207e-03
9.999995237819087057e-01 4.751961907741574257e-04 8.524227450773119458e-04
9.999997563696100267e-01 6.776615610593718971e-04 1.674381345276033093e-04
9.999993001313740582e-01 9.008078702951542987e-04 -7.669953996859761808e-04
9.999973874616354674e-01 1.215344632095345830e-03 -1.935977099388891832e-03
9.999940967072615816e-01 1.460315206379188919e-03 -3.110310294171405362e-03
9.999901905634722699e-01 1.472813579042382519e-03 -4.177271476924621085e-03
9.999871149261007064e-01 1.327332439716753971e-03 -4.899813299311382361e-03
9.999855122145328012e-01 1.108575073824717705e-03 -5.267487289418578897e-03
9.999849509835611050e-01 6.474295371693126501e-04 -5.447810697825032113e-03
9.999868062017721604e-01 1.265769359908885440e-04 -5.135309207709011677e-03
9.999906884198931367e-01 -2.320834003611127320e-04 -4.309200715165726128e-03
9.999946823038488031e-01 -6.367834486691458136e-04 -3.198416930883329554e-03
9.999977698758236722e-01 -1.232576477666240964e-03 -1.714933994583793878e-03
9.999974245814651219e-01 -2.269135326544937607e-03 -4.307327350067542129e-05
9.999919064520915724e-01 -3.695789960816560100e-03 1.590021030407701803e-03
9.999815855063277636e-01 -5.265155394944045879e-03 3.017745336856308969e-03
9.999680962182782018e-01 -6.827250449197165560e-03 4.146709164675368119e-03
9.999528965701155458e-01 -8.204901134297970869e-03 5.185001293377835760e-03
9.999348043647975359e-01 -9.569118872827707400e-03 6.230488257915280451e-03
9.999173930469771321e-01 -1.078071745998255421e-02 6.998800839076523006e-03
9.999033590312023101e-01 -1.169861692956012007e-02 7.510989285966775467e-03
9.998930132476999688e-01 -1.231447070437530211e-02 7.894040138354936620e-03
9.998866639962885605e-01 -1.278374373670286383e-02 7.952047437459022414e-03
9.998783949130749527e-01 -1.362500829487692938e-02 7.586470524376221804e-03
9.998676899558784914e-01 -1.479524913945778897e-02 6.760413093634180109e-03
9.998584326774148101e-01 -1.595092564784899788e-02 5.355611528147952161e-03
9.998415568124662256e-01 -1.748215199564924840e-02 3.351959490308357124e-03
9.998044392410497805e-01 -1.976159816872033112e-02 7.500078052507299373e-04
9.997358204932654813e-01 -2.282732469357656724e-02 -2.683741789301482151e-03
9.996078409119312225e-01 -2.712427911718403792e-02 -6.959732017831153812e-03
9.993843369444367353e-01 -3.289776206394854491e-02 -1.219361805668897278e-02
9.990234479416563174e-01 -4.018660348045149933e-02 -1.836266221084744549e-02
9.984627663665527342e-01 -4.936258137451959849e-02 -2.520793009540136381e-02
9.976453326991647774e-01 -6.049487000781339496e-02 -3.231347778111411800e-02
9.965220197375582734e-01 -7.367854925333008898e-02 -3.892731121079862078e-02
9.950789129157419088e-01 -8.868318915268566527e-02 -4.419557706529092522e-02
9.933823702184618742e-01 -1.046250275487488890e-01 -4.738217122056061215e-02
9.914565182125200105e-01 -1.209842862411481812e-01 -4.875217919874941241e-02
9.893304406234768589e-01 -1.371277651393035535e-01 -4.920625248539896301e-02
9.870548358623509877e-01 -1.524126255888164361e-01 -4.993137852964475709e-02
9.846539898031867466e-01 -1.666728432437032392e-01 -5.173667644646251507e-02
9.822155426553018653e-01 -1.797045411611055687e-01 -5.439582385098554879e-02
9.799039936917436355e-01 -1.911036063117522166e-01 -5.716270463872526880e-02
9.777441283107322079e-01 -2.012157615078064565e-01 -5.940233054956636088e-02
9.756707903751973276e-01 -2.105258451525988672e-01 -6.119948799966702657e-02
9.736150175209381530e-01 -2.192963155380114604e-01 -6.311040840587694989e-02
9.714794547771391509e-01 -2.277423453906101680e-01 -6.603857253072908939e-02
9.692406190432107937e-01 -2.356921265896032291e-01 -7.086496920484774975e-02
9.667616886020937716e-01 -2.435274854211080808e-01 -7.788582217387103601e-02
9.640069932043714429e-01 -2.514311689411606876e-01 -8.644584627353849027e-02
9.610759038631453421e-01 -2.593459032754293347e-01 -9.525129641054688734e-02
9.581697878476698182e-01 -2.669478587771199063e-01 -1.031964066732091040e-01
9.553576631933980989e-01 -2.741040841728598632e-01 -1.102664337747787104e-01
9.524040146764525261e-01 -2.813979690303109460e-01 -1.172253208730597712e-01
9.492675470020101036e-01 -2.887284463164324078e-01 -1.246074175018702240e-01
9.460443872916481922e-01 -2.955615703961096408e-01 -1.328283681257711457e-01
9.428002163552620107e-01 -3.013934932833005065e-01 -1.424419679973575881e-01
9.394310207595719664e-01 -3.063740684309645967e-01 -1.536368687121920928e-01
9.358144214765717894e-01 -3.109598613142683932e-01 -1.659979915778509452e-01
9.320576724723063089e-01 -3.151290733576038727e-01 -1.787796473603323055e-01
9.284258948779806619e-01 -3.187870996369418508e-01 -1.907882145864546186e-01
9.252208283883226470e-01 -3.219451950576930899e-01 -2.007927042890003122e-01
9.225954006061789503e-01 -3.249158147047301881e-01 -2.079601888224895390e-01
9.205977317032062457e-01 -3.280537274082735433e-01 -2.118503441499437201e-01
9.189736023646511986e-01 -3.318776087540619146e-01 -2.129431167345437470e-01
9.174689577543448937e-01 -3.363261108604814198e-01 -2.124510736866700999e-01
9.158131977205633545e-01 -3.410931124512127099e-01 -2.119945176630307349e-01
9.137363310363773028e-01 -3.464960683715185841e-01 -2.121942316540670337e-01
9.116123016858530548e-01 -3.524279261840442268e-01 -2.115598455771674491e-01
9.094412724573402995e-01 -3.595767725287078997e-01 -2.088566891651104651e-01
9.071121421234644711e-01 -3.676376977106550203e-01 -2.049148233637292926e-01
9.039910933932309156e-01 -3.767069665023248248e-01 -2.022176165776047863e-01
8.999299025479098324e-01 -3.858443231784325911e-01 -2.031017694927513273e-01
8.961733060890179070e-01 -3.926039199008890535e-01 -2.067258269591284447e-01
8.933867961728434448e-01 -3.968866792634853646e-01 -2.105730188016157467e-01
8.913129538180640798e-01 -3.998010703566049484e-01 -2.138231102987471488e-01
8.897133480218374357e-01 -4.020017111061804926e-01 -2.163441300786215493e-01
8.883391784454984785e-01 -4.038734257932971028e-01 -2.184943019320242374e-01
8.867663590134970963e-01 -4.060692714787302315e-01 -2.208012030824983429e-01
8.851581909149091043e-01 -4.084997696381655330e-01 -2.227620148539940226e-01
8.832457972596505780e-01 -4.120311324833211830e-01 -2.238463926170711771e-01
8.816657663451014093e-01 -4.157273316946681896e-01 -2.232403685204276123e-01
8.812016534816669022e-01 -4.182072852902478100e-01 -2.204230306282391749e-01
8.811945719487108697e-01 -4.205375160051487149e-01 -2.159729705318415016e-01
8.811786580882007280e-01 -4.233594582137481521e-01 -2.104541319880404715e-01
8.811285992058501826e-01 -4.264468956032922975e-01 -2.043414712970691716e-01
8.812063940030001596e-01 -4.293972713153096366e-01 -1.977201925833465546e-01
8.815059947295982301e-01 -4.318981862599041710e-01 -1.908170274403897804e-01
8.820475666508552637e-01 -4.337592355398172117e-01 -1.839701490710336229e-01
8.827851580289436395e-01 -4.349899519134288739e-01 -1.774094318185075736e-01
8.836758214117514942e-01 -4.356109136013926464e-01 -1.713481094253055392e-01
8.846533611598697000e-01 -4.358597260667454454e-01 -1.655739405267827591e-01
8.857907520586292272e-01 -4.357636538059014852e-01 -1.596395364223354707e-01
8.870117844138482033e-01 -4.356513337546629727e-01 -1.530294406601038215e-01
8.884997489050083797e-01 -4.354735773558573442e-01 -1.446753594107487439e-01
8.907275695104540647e-01 -4.344207054269129120e-01 -1.337275125409228271e-01
8.933366722639026758e-01 -4.324818086821501928e-01 -1.221027237512433139e-01
8.969071098943312004e-01 -4.281122366785770073e-01 -1.108041020317569042e-01
9.024505392385148150e-01 -4.192517769371515990e-01 -9.905034963671117965e-02
9.093300994798371173e-01 -4.063421428643566036e-01 -8.946973294020998946e-02
9.150725901918324023e-01 -3.942649959199639453e-01 -8.483671181653337778e-02
9.203973656116632984e-01 -3.821918145943568046e-01 -8.245062905874556147e-02
9.256650700344664084e-01 -3.696823753926169465e-01 -8.049297759530731067e-02
9.286457405793405728e-01 -3.624386608136677679e-01 -7.909049027185874325e-02
9.302517185992655868e-01 -3.587902418602037513e-01 -7.681993484121901750e-02
9.318347661556782846e-01 -3.554344092337168859e-01 -7.314608202953279403e-02
9.335708610798461038e-01 -3.518173692660830909e-01 -6.833729600538274163e-02
9.358341807684709135e-01 -3.467025497033225934e-01 -6.333820438424216104e-02
9.383364116848336156e-01 -3.406344907074234096e-01 -5.910094962794525814e-02
9.409450485108561413e-01 -3.339213932085998149e-01 -5.584728140679943303e-02
9.440768057333380758e-01 -3.254528417785001460e-01 -5.290966503991055558e-02
9.474067012836222546e-01 -3.160284640708097004e-01 -5.046337543139549353e-02
9.507361563664000759e-01 -3.060980289098728657e-01 -4.903832863316651830e-02
9.540752947729027600e-01 -2.955474770822069108e-01 -4.890828860572422887e-02
9.573512718277013001e-01 -2.845366810070287245e-01 -5.017389252775876496e-02
9.606422998879968755e-01 -2.728074675605396959e-01 -5.236847629160823470e-02
9.637450621625560654e-01 -2.612083823855917419e-01 -5.445765445548921002e-02
9.666578939145916705e-01 -2.499956613159372565e-01 -5.544984631009630682e-02
9.692194563287228615e-01 -2.401489855989306366e-01 -5.424122223604172649e-02
9.715575199780153159e-01 -2.317166108980825423e-01 -4.882005333953340354e-02
9.738970895651445359e-01 -2.238598856639446022e-01 -3.756608213623877091e-02
9.761806167778224186e-01 -2.158541928797348131e-01 -2.187169045840781090e-02
9.780414509062496098e-01 -2.083636558532001581e-01 -4.416698844959553866e-03
9.789501528588714363e-01 -2.037301118404962197e-01 1.227353848941191948e-02
9.791883759169732748e-01 -2.013659194710334666e-01 2.533556679188023186e-02
9.798484137019671802e-01 -1.961797475385064771e-01 3.755785964970256852e-02
9.796171790861160078e-01 -1.956371238671676949e-01 4.556641531153099445e-02
9.782208696562859629e-01 -2.028191049556301861e-01 4.414001397707892349e-02
9.776545254839623666e-01 -2.071415342924726455e-01 3.583313510829079507e-02
9.776139706089644887e-01 -2.090858433362319524e-01 2.353793930129932307e-02
9.777113743952003944e-01 -2.097322369865473046e-01 9.636241324663671198e-03
9.777064694704725722e-01 -2.099205479173285038e-01 -4.839743554454562641e-03
9.772198516521805045e-01 -2.112343787897739966e-01 -2.052799927388510026e-02
9.766677749811305542e-01 -2.116450835615618642e-01 -3.641999337763496963e-02
9.757481922201044489e-01 -2.128716458733852235e-01 -5.100125255671687091e-02
9.743357404042071179e-01 -2.158660436002480809e-01 -6.381000071588587008e-02
9.733155089576290830e-01 -2.174732149994419994e-01 -7.322786887761592589e-02
9.724487809065548438e-01 -2.191711448026654185e-01 -7.941900149991809599e-02
9.721268649876824153e-01 -2.196913198183466642e-01 -8.188456732311087671e-02
9.729637127509904726e-01 -2.163999689080555733e-01 -8.070109742996064983e-02
9.744138239368240750e-01 -2.110891500602452842e-01 -7.719501569181294598e-02
9.760891485708603765e-01 -2.051236461313542814e-01 -7.193235600195316271e-02
9.776759590615288209e-01 -1.995490153879971584e-01 -6.580204807451231486e-02
9.790074073882791827e-01 -1.947482213432835119e-01 -6.014670865897295271e-02
9.802634584206157964e-01 -1.897697139736564398e-01 -5.541667387718728077e-02
9.817614264404096458e-01 -1.830329596305360906e-01 -5.141436805580902603e-02
9.838216723843409284e-01 -1.727716598304590567e-01 -4.738006443966329140e-02
9.862742432953139904e-01 -1.594602604210247077e-01 -4.284323002195645352e-02
9.887319780159095073e-01 -1.445738251990819623e-01 -3.882634049266558973e-02
9.908257596335438011e-01 -1.298766897957342181e-01 -3.736789389721697358e-02
9.925358082277424554e-01 -1.155858831724991403e-01 -3.889181143808316532e-02
9.941067686282414329e-01 -1.007688686718952176e-01 -3.996708238166052363e-02
9.954755459375491666e-01 -8.480590061138615354e-02 -4.285319896845629639e-02
9.968028095200782701e-01 -6.260849466583406908e-02 -4.964207216219668206e-02
9.972992868068334404e-01 -4.389881981437623176e-02 -5.888145848640712748e-02
9.970200515414725517e-01 -3.219383169526473382e-02 -7.010402288753618538e-02
9.966065551672729228e-01 -1.578753300148213676e-02 -8.078445394596929507e-02
9.957773466530779327e-01 9.569719281722639109e-04 -9.179629675147225887e-02
9.942395758133255601e-01 1.915059754507317941e-02 -1.054557750917663461e-01
9.915172122161850510e-01 4.519196125652035628e-02 -1.218659284493994743e-01
9.876810717893540481e-01 7.215229135107004144e-02 -1.388529700144115753e-01
9.833675466998390569e-01 9.642999990173256597e-02 -1.539140124111228469e-01
9.784863407349428943e-01 1.219026538088239381e-01 -1.664458590338226684e-01
9.729264077374222275e-01 1.488880186771468217e-01 -1.767669737862504475e-01
9.667553781511706301e-01 1.762419931168579812e-01 -1.852641321950491693e-01
9.596123785597715505e-01 2.058338885925345418e-01 -1.917719823689938985e-01
9.512268059046414814e-01 2.385658718615579488e-01 -1.955860130770815386e-01
9.417737159968061489e-01 2.722728693768129427e-01 -1.973062402938242643e-01
9.319580970223413363e-01 3.038521257708400314e-01 -1.978079651051439514e-01
9.217435379727000333e-01 3.339528516429003391e-01 -1.971404146418102021e-01
9.098817409725324934e-01 3.659667109907980831e-01 -1.954062022848070401e-01
8.958750840588394215e-01 4.002015784429488465e-01 -1.929936019000106917e-01
8.797245484929343551e-01 4.358343869743968590e-01 -1.900871008499903925e-01
8.622795424900216998e-01 4.707510250819357811e-01 -1.867283132990425198e-01
8.449303893007068522e-01 5.026025199980034275e-01 -1.829845461447828225e-01
8.288242374559418035e-01 5.301500106530706580e-01 -1.788612579910082434e-01
8.138258272156925210e-01 5.552921783174388226e-01 -1.712837401978579976e-01
7.978233669599493760e-01 5.813358845075765613e-01 -1.597700363537655210e-01
7.848209577772446988e-01 6.023749423224489252e-01 -1.456038910731246583e-01
7.717451723719671586e-01 6.216679458187752694e-01 -1.339341407633869163e-01
7.533518494142230626e-01 6.451662329396790074e-01 -1.273637423232909516e-01
7.310271592202084445e-01 6.709820262621292164e-01 -1.240258558349809498e-01
7.079672405875145902e-01 6.951451648441693276e-01 -1.247220351368303892e-01
6.870921689047134739e-01 7.154262785466285468e-01 -1.267658920796073396e-01
6.655366057457781093e-01 7.353434622343733018e-01 -1.277928752378381938e-01
6.427810260491196859e-01 7.555223034572073892e-01 -1.265646140513081719e-01
6.198801566311471500e-01 7.749492252562859562e-01 -1.232975656273342518e-01
5.960122770788740532e-01 7.942592430770207823e-01 -1.179899163402275408e-01
5.711568901997962078e-01 8.134118450896367092e-01 -1.101861018693850586e-01
5.471366671229271894e-01 8.311040116676656764e-01 -9.953687396903432294e-02
5.245672767216296162e-01 8.470135445776493244e-01 -8.600713630193532189e-02
5.041265669584327203e-01 8.607950969648697770e-01 -6.991570301402388887e-02
4.839779240459174958e-01 8.735461858057758100e-01 -5.179218377694703307e-02
4.630334826212811894e-01 8.857493913347952441e-01 -3.237297826347737550e-02
4.414142662679067519e-01 8.972176273650822598e-01 -1.240865345386785168e-02
4.196565139942472489e-01 9.076559556203177559e-01 7.005461381204086679e-03
3.978445777695919783e-01 9.171047053632190860e-01 2.527155198990466145e-02
3.753449119087719499e-01 9.259385816753915588e-01 4.188006768333232821e-02
3.520813456357065885e-01 9.343460237650582645e-01 5.510203199316049405e-02
3.292264727216220876e-01 9.421092713923497897e-01 6.356139092133547552e-02
3.071912451906953501e-01 9.492682247275362473e-01 6.725605103499326942e-02
2.851692900013447773e-01 9.562765031876426791e-01 6.491321507476957575e-02
2.616373586443247468e-01 9.635813591738040529e-01 5.528884891535931767e-02
2.321096653404117749e-01 9.718628368618230651e-01 4.009650336939023230e-02
1.979482581575713329e-01 9.800113515048336499e-01 1.985542782345910140e-02
1.648473187974216492e-01 9.863147874513303881e-01 -2.915740066909769390e-03
1.312462800356651860e-01 9.910604754051215437e-01 -2.394886357583687897e-02
9.786623551819256805e-02 9.943337987055401728e-01 -4.150297215029136177e-02
6.819230850011470668e-02 9.961814803728360479e-01 -5.451850349752970781e-02
3.982440414078797231e-02 9.972311650531158200e-01 -6.280143534694650198e-02
1.076403525187591415e-02 9.976573878285199815e-01 -6.755643608325030691e-02
-1.816601031305031810e-02 9.972375655206477951e-01 -7.202245471904906993e-02
-4.704059962200768386e-02 9.957840097690604519e-01 -7.874889126491506353e-02
-7.591018176826985764e-02 9.931967971651540772e-01 -8.830496251506882166e-02
-1.048493325896523998e-01 9.894146787271163035e-01 -1.003255250413476601e-01
-1.342678844290167151e-01 9.844298317347789373e-01 -1.134462057611066721e-01
-1.645585758929719034e-01 9.782784388046714685e-01 -1.260625688694761437e-01
-1.953170322383102064e-01 9.711144283931311127e-01 -1.370694126503116395e-01
-2.260398659610737826e-01 9.630979196527587050e-01 -1.461108351794222493e-01
-2.572493576894777090e-01 9.540171482949718618e-01 -1.538637342829064780e-01
-2.890659692516342472e-01 9.436959623250948948e-01 -1.608688786307853058e-01
-3.212391916096972166e-01 9.320932892319830909e-01 -1.673543603933010937e-01
-3.533772584598139921e-01 9.194795944491196416e-01 -1.722840346494952379e-01
-3.868617617360242678e-01 9.055343489832720083e-01 -1.741996559064950267e-01
-4.212793914395949746e-01 8.904163747326708789e-01 -1.722856754237339083e-01
-4.553539982984713963e-01 8.746252039434164738e-01 -1.663835594658702455e-01
-4.884690829717840965e-01 8.583088373509506486e-01 -1.571747266769176199e-01
-5.215868785660922047e-01 8.403334157964178486e-01 -1.476037885814773798e-01
-5.522633057788194355e-01 8.218617205999436681e-01 -1.398161410665827720e-01
-5.774617482999052642e-01 8.054907519863496734e-01 -1.331261721634094952e-01
-5.996930764598491503e-01 7.902697167842711590e-01 -1.258649624789568156e-01
-6.188950293622036414e-01 7.762572053399281469e-01 -1.199737212417862631e-01
-6.361490576930838303e-01 7.627966919193275297e-01 -1.159982034047592203e-01
-6.530112712655236074e-01 7.491686588743000641e-01 -1.110072076969221277e-01
-6.708030225939614066e-01 7.335261411311233548e-01 -1.093741521388337523e-01
-6.895197615773075439e-01 7.148821391759407895e-01 -1.162154270379112120e-01
-7.069021866831730616e-01 6.951882641943016861e-01 -1.303939254300679473e-01
-7.223168615451618368e-01 6.756405982303046454e-01 -1.475402777228772833e-01
-7.358206711398433963e-01 6.572303462430680865e-01 -1.631447575024318752e-01
-7.490156587845416825e-01 6.389627462479815501e-01 -1.752202950653736213e-01
-7.623760049208041512e-01 6.206765132478599956e-01 -1.831488275241557884e-01
-7.748971750998596697e-01 6.038584699753487550e-01 -1.867868203629157176e-01
-7.868748538738550291e-01 5.880066984719400924e-01 -1.872861097175341771e-01
-7.983030257560945753e-01 5.729116517364027938e-01 -1.857000763955982958e-01
-8.091870815002794037e-01 5.583514450189593914e-01 -1.829205592007097092e-01
-8.198284265735877874e-01 5.436340964590834490e-01 -1.798424870518411378e-01
-8.297256844354441441e-01 5.293759887016138421e-01 -1.769642652467516286e-01
-8.387691629414598671e-01 5.156321479125148821e-01 -1.748993405865479356e-01
-8.474122075611916216e-01 5.015896650532791767e-01 -1.740699812949008107e-01
-8.550988632187835892e-01 4.881353858652722200e-01 -1.747277287327512751e-01
-8.619715221682855422e-01 4.753668514022839631e-01 -1.761574623987527399e-01
-8.686515949258165614e-01 4.627062256640456228e-01 -1.770518437197659278e-01
-8.758071623967709218e-01 4.489877803925256816e-01 -1.771208269874245955e-01
-8.840826896993233541e-01 4.325963476189864099e-01 -1.767998806581129734e-01
-8.932570653408816730e-01 4.134481136994374029e-01 -1.765006303019139300e-01
-9.026135385492179974e-01 3.927221265608591971e-01 -1.762331732029350229e-01
-9.110630636816835493e-01 3.726069010372948243e-01 -1.764318318624167881e-01
-9.196661993403258961e-01 3.513293286715941099e-01 -1.754473841528768618e-01
-9.274849976471795099e-01 3.308391152271525915e-01 -1.741179455861057990e-01
-9.338724186041053033e-01 3.123477233572157785e-01 -1.741298523633527662e-01
-9.395162672442316509e-01 2.951850934384678826e-01 -1.737093670335262408e-01
-9.444722072745446173e-01 2.799048530651076505e-01 -1.721206638278808265e-01
-9.494177247240220829e-01 2.645390011319820323e-01 -1.691895412250832564e-01
-9.539820759900051739e-01 2.489943980572912052e-01 -1.670927539598500711e-01
-9.576162432965087401e-01 2.341523392325248476e-01 -1.677611772926576039e-01
-9.603564412034509834e-01 2.202909073203092594e-01 -1.708432673272123614e-01
-9.622764730891391061e-01 2.078551499645885647e-01 -1.755569023773366211e-01
-9.635771874026483053e-01 1.967605413400097258e-01 -1.811195552357278415e-01
-9.647992996739155336e-01 1.856224693501715706e-01 -1.862971020200439864e-01
-9.662063339349086233e-01 1.752155118594845573e-01 -1.890630706084150403e-01
-9.682977414966337237e-01 1.642410621062103671e-01 -1.882135949679033526e-01
-9.710950105266585863e-01 1.515827955387284709e-01 -1.843831245718894896e-01
-9.741054605630806718e-01 1.381572542361308165e-01 -1.789724135254414650e-01
-9.769425967215700224e-01 1.244334414008033407e-01 -1.734920210616866521e-01
-9.793582027703535697e-01 1.104692895827850546e-01 -1.692750623260786402e-01
-9.811288464350189642e-01 9.666287828423168749e-02 -1.674588745181830041e-01
-9.821462548518259394e-01 8.377700263112547452e-02 -1.684344023965302917e-01
-9.827386068732749669e-01 7.126952994896788851e-02 -1.707204869417489057e-01
-9.831812363151437584e-01 5.919754791089124751e-02 -1.727724135363141178e-01
-9.835499355280723499e-01 4.948254895638102419e-02 -1.737268018225859023e-01
-9.841144447020244712e-01 4.196388302300507744e-02 -1.725044702332602098e-01
-9.848780200384235073e-01 3.642860717178407481e-02 -1.693760379295675689e-01
-9.858927970980480016e-01 3.284711795985245653e-02 -1.641233056939773449e-01
-9.874213855302587106e-01 2.883820715131784826e-02 -1.554585642729340023e-01
-9.891872448958833886e-01 2.359194199401411229e-02 -1.447481081335529052e-01
-9.907249284992806215e-01 1.862945083013954964e-02 -1.345996270866415268e-01
-9.918784054402047801e-01 1.276801014424786343e-02 -1.265472510106528115e-01
-9.926330429949331569e-01 4.620925682156282535e-03 -1.210714210722708822e-01
-9.929412790952986123e-01 -4.570234544685237293e-03 -1.185188981757715754e-01
-9.928481697508781956e-01 -1.351187417362437367e-02 -1.186167824493960105e-01
-9.924980485176930767e-01 -2.064941110524425028e-02 -1.205040476896001578e-01
-9.920510824203127020e-01 -2.659823328514592661e-02 -1.229926170743397967e-01
-9.916210014596316125e-01 -3.224383570380064817e-02 -1.250924638949262591e-01
-9.912507689048405402e-01 -3.634873499349212944e-02 -1.268884652359518472e-01
-9.910110503946751859e-01 -3.829563108754242828e-02 -1.281816782354236461e-01
-9.910156212487474248e-01 -3.745364537642406622e-02 -1.283949488452577614e-01
-9.911750746188096040e-01 -3.561741550162077219e-02 -1.276846551758750448e-01
-9.914135804787714834e-01 -3.457237451163466813e-02 -1.261105204290651483e-01
-9.918350584847411833e-01 -3.066085226002580530e-02 -1.237866264959959217e-01
-9.922987723185926479e-01 -2.430058048456206626e-02 -1.214603978386670780e-01
-9.927421949035259985e-01 -1.917092249303674334e-02 -1.187240927061384982e-01
-9.932283295124429978e-01 -1.552837225282086703e-02 -1.151362458529021082e-01
-9.937622005521061785e-01 -1.289040575760900739e-02 -1.107724071835563401e-01
-9.943449167857518756e-01 -1.244606928314424821e-02 -1.054669702880252913e-01
-9.950108128662223939e-01 -1.426337434879214675e-02 -9.874228289585708362e-02
-9.957434874931879731e-01 -1.755770883813411593e-02 -9.048001975717409606e-02
-9.963771842375306331e-01 -2.315711669480689794e-02 -8.183064632075945366e-02
-9.967861157348992807e-01 -3.069267007708307779e-02 -7.399594233247640263e-02
-9.969439544240401574e-01 -3.873617654243628750e-02 -6.783996141088470544e-02
-9.969201603069073325e-01 -4.820178178145835546e-02 -6.186099099386293404e-02
-9.968623838611608834e-01 -5.561640608159178212e-02 -5.632231367061561050e-02
-9.965718735117207183e-01 -6.221546845133282821e-02 -5.453197603902111557e-02
-9.960341142035393780e-01 -6.939540566468992144e-02 -5.568052635710026704e-02
-9.958611631893429239e-01 -6.977059007135258395e-02 -5.824610212077704907e-02
-9.959630125412449742e-01 -6.425157747205705039e-02 -6.268502566099896922e-02
-9.959716685302468786e-01 -5.784351100470598583e-02 -6.851688638375497131e-02
-9.957893144497738103e-01 -5.365089977170506980e-02 -7.433183827496819829e-02
-9.954229094814340817e-01 -5.311304746937751953e-02 -7.944957814886344227e-02
-9.949789839562710458e-01 -5.542070357435907590e-02 -8.333886908681775729e-02
-9.946208550856074915e-01 -5.891889520163921118e-02 -8.519341768583645058e-02
-9.943362523207581738e-01 -6.369798921310669548e-02 -8.507633919555225577e-02
-9.941425393922660447e-01 -6.879736095876611002e-02 -8.335187157950446624e-02
-9.941044457825563008e-01 -7.343062188249376010e-02 -7.977652941377529061e-02
-9.943052577961019045e-01 -7.647146688243665336e-02 -7.422377699818115404e-02
-9.946734790668894099e-01 -7.768974058747737943e-02 -6.774196814693775326e-02
-9.950180002747316399e-01 -7.825818590268036890e-02 -6.176435435180668843e-02
-9.953947843375363647e-01 -7.689163513097235780e-02 -5.724421158960126682e-02
-9.957586323136625728e-01 -7.395733836310594556e-02 -5.472712558749228545e-02
-9.960415018783512764e-01 -7.094743340861162095e-02 -5.355173413297491941e-02
-9.962423711161855211e-01 -6.862896413884969626e-02 -5.283183958588821144e-02
-9.963349219109400856e-01 -6.790214502806340979e-02 -5.201943945592700513e-02
-9.963672465292874314e-01 -6.794995185100637103e-02 -5.133336232015098949e-02
-9.964458906580581088e-01 -6.691592318048471266e-02 -5.116489241240208125e-02
-9.965947104830570336e-01 -6.494858594587894773e-02 -5.080023839336177127e-02
-9.968651389327146672e-01 -6.140050961543269681e-02 -4.989861921561326158e-02
-9.972988037862581256e-01 -5.702040117354870152e-02 -4.630086194128529842e-02
-9.979159405750234191e-01 -4.937801848351503625e-02 -4.154018340003037824e-02
-9.983691555049754029e-01 -4.138142876678385651e-02 -3.932692067148913645e-02
-9.986902697962891651e-01 -3.393997003014377623e-02 -3.828607382022648775e-02
-9.990075651620567987e-01 -2.436992641834734991e-02 -3.728258890344403331e-02
-9.991832585359823327e-01 -1.710166369150688259e-02 -3.661077656099125111e-02
-9.992305145054486415e-01 -1.171116715592637400e-02 -3.743297269817931483e-02
-9.991449120581910037e-01 -7.635015839914690086e-03 -4.063436035369735744e-02
-9.988972835958820351e-01 -5.292079696086004689e-03 -4.664987371106554120e-02
-9.984317378892982875e-01 -3.759346052140689551e-03 -5.585635230316932098e-02
-9.977052592324839875e-01 -2.249874426044744420e-03 -6.766944483966887136e-02
-9.967580080700149114e-01 -3.530855486511171037e-04 -8.045712323275983069e-02
-9.956932085200534965e-01 1.937482073528401169e-03 -9.268916155762760289e-02
-9.946404526752129494e-01 4.325145103049645064e-03 -1.033037415676943127e-01
-9.937374289360484392e-01 6.456635905084176508e-03 -1.115537277923110970e-01
-9.930205012287439681e-01 8.163839913224609640e-03 -1.176589812011192560e-01
-9.924179765552483268e-01 9.946570539139040767e-03 -1.225056143386756141e-01
-9.918858305043511958e-01 1.114948644770644495e-02 -1.266419685437878973e-01
-9.913314127766148509e-01 1.200011283641219673e-02 -1.308358793841889189e-01
-9.906543301931550749e-01 1.289305107722011831e-02 -1.357857404275996660e-01
-9.899671174232624882e-01 1.230137408352616549e-02 -1.407614386695930364e-01
-9.893188848098021237e-01 1.038976266349051110e-02 -1.453966883752362271e-01
-9.888718964265060807e-01 8.324026464394222724e-03 -1.485364704079955855e-01
-9.888249765021460691e-01 7.298467213273858098e-03 -1.489023110024389196e-01
-9.892000867496758554e-01 5.755679963553677475e-03 -1.464583917793408352e-01
-9.897438591154738008e-01 3.287007205318798631e-03 -1.428155766253849102e-01
-9.901051991619420622e-01 7.928725614169025715e-04 -1.403248586159719369e-01
-9.902641477597612374e-01 -3.881113943741470659e-03 -1.391468814461524206e-01
-9.900363818951136707e-01 -7.917265302702262281e-03 -1.405890445026180546e-01
-9.894581615451778500e-01 -1.312893197624799557e-02 -1.442226670700537949e-01
-9.888313984913162935e-01 -1.979862627557485433e-02 -1.477175675243385111e-01
-9.882523978593480418e-01 -2.531123022767687442e-02 -1.507200708253890187e-01
-9.876328158485239150e-01 -3.016117685981672958e-02 -1.538561811223276843e-01
-9.869303010297633127e-01 -3.147728062761699641e-02 -1.580435437263763843e-01
-9.859773747901882102e-01 -3.072627720260784345e-02 -1.640259500539995863e-01
-9.846301897774818457e-01 -2.805592372115452149e-02 -1.723840320995916608e-01
-9.828908968619118891e-01 -2.251775794643112727e-02 -1.828070989952317871e-01
-9.808437618394912905e-01 -1.555424778121980087e-02 -1.941740977486847985e-01
-9.788038769545358564e-01 -7.988543046399386796e-03 -2.046439679999528805e-01
-9.771641202635202861e-01 -1.156790935016024230e-03 -2.124828084913062964e-01
-9.760151245866955927e-01 4.663568449264401602e-03 -2.176527686645317039e-01
-9.750262343237147133e-01 1.014567041553328559e-02 -2.218578548357841018e-01
-9.738980893959041651e-01 1.497244646395941639e-02 -2.264913625679605413e-01
-9.725800142521283664e-01 1.949825920312935404e-02 -2.317497222552319935e-01
-9.710750837555621739e-01 2.406012764469645307e-02 -2.375590283842077544e-01
-9.695307599881975991e-01 2.839786290430775656e-02 -2.433180363622394760e-01
-9.681619092962114870e-01 3.228762190055285003e-02 -2.482338149002290550e-01
-9.670237648353803284e-01 3.576795400393447538e-02 -2.521620346324547346e-01
-9.660475866240539888e-01 3.884884775201147972e-02 -2.554267554626608594e-01
-9.651378826691582313e-01 4.102593773295599988e-02 -2.585067501440259097e-01
-9.643763952858745991e-01 4.239055574934252890e-02 -2.611153174340496430e-01
-9.643556799296895132e-01 4.264480295672236354e-02 -2.611504228756462154e-01
-9.656148963961049825e-01 4.230084174345161152e-02 -2.565122036974747943e-01
-9.683346303168350877e-01 4.025235856122836436e-02 -2.463895114638945949e-01
-9.714783204262847915e-01 3.789205843871831791e-02 -2.340813210168672109e-01
-9.743878329452682063e-01 3.588193778721961852e-02 -2.219928772480286860e-01
-9.770916339562347730e-01 3.548270917821555459e-02 -2.098402158836800979e-01
-9.792723619012034808e-01 3.690816580718960654e-02 -1.991567937911924713e-01
-9.809437664627771447e-01 3.674625482931227066e-02 -1.907853238428990628e-01
-9.823097542662920789e-01 3.605228849583871215e-02 -1.837601131026795342e-01
-9.837967129432467761e-01 3.445305561709915976e-02 -1.759460558259487439e-01
-9.854021547677168646e-01 3.175796038949422334e-02 -1.672543731297924940e-01
-9.868693526716345588e-01 2.797427425683619157e-02 -1.590796050324244093e-01
-9.880600049825857267e-01 2.352113799223017401e-02 -1.522635301750321080e-01
-9.891249801250291407e-01 1.909577656487019409e-02 -1.458325238417177983e-01
-9.903097315411789614e-01 1.471979464204505386e-02 -1.380940377443368450e-01
-9.916587386899879952e-01 1.095084153163359067e-02 -1.284251729589311330e-01
-9.929632635436265176e-01 8.390174055642603615e-03 -1.181251972785921089e-01
-9.940881897811008061e-01 7.527402493053163279e-03 -1.083143995479902560e-01
-9.950569845463271834e-01 8.007558404889441109e-03 -9.898220301631338591e-02
-9.958593278202882981e-01 9.242669276502336884e-03 -9.043656482844070199e-02
-9.964629094352006611e-01 1.113694591218193641e-02 -8.329248799071922726e-02
-9.968522699950992383e-01 1.258000701281407341e-02 -7.827704152032798068e-02
-9.970269816805287233e-01 1.223903420564041028e-02 -7.607498828608266761e-02
-9.970118073460221275e-01 9.248629701661452429e-03 -7.669366897769462621e-02
-9.968512347886185898e-01 3.833216265321801389e-03 -7.920178125187563034e-02
-9.965824136697856162e-01 -4.005238348231641814e-03 -8.250727743585992147e-02
-9.962669714007127419e-01 -1.455600854292786288e-02 -8.508962516869843229e-02
-9.959842002566969832e-01 -2.845172487413506063e-02 -8.488799791910581205e-02
-9.955757572511418907e-01 -4.535676666681607433e-02 -8.229018952066741166e-02
-9.947995435534930930e-01 -6.337272177019097341e-02 -7.973560234424670323e-02
-9.936433771633973455e-01 -8.087427774974488559e-02 -7.830830235534121109e-02
-9.922290193492619981e-01 -9.713101228409486143e-02 -7.776335649821872198e-02
-9.906452384438150238e-01 -1.124761135605365781e-01 -7.727312228009305950e-02
-9.891462627979903388e-01 -1.258868851624294627e-01 -7.577706075634317584e-02
-9.879833685114258746e-01 -1.365343264961163816e-01 -7.243784392890112445e-02
-9.871739898668716595e-01 -1.445622378544431930e-01 -6.774417404350849270e-02
-9.866139820138370986e-01 -1.504119055483505718e-01 -6.300086637589819016e-02
-9.862444884061407624e-01 -1.544197543530354266e-01 -5.896056778947875859e-02
-9.861351943427558719e-01 -1.562987582996828440e-01 -5.575012674920358513e-02
-9.863134386903771311e-01 -1.559471930705233211e-01 -5.353759083287547987e-02
-9.867350043699102402e-01 -1.536930082022960053e-01 -5.227322814636684023e-02
-9.873491049487085336e-01 -1.498887042230001576e-01 -5.172157483424243141e-02
-9.881471290130824370e-01 -1.444533512764102634e-01 -5.194690297040308047e-02
-9.891602648305105605e-01 -1.372430702861985319e-01 -5.221407989088767965e-02
-9.903363552717824314e-01 -1.285721147014403098e-01 -5.199148726668205434e-02
-9.915272781922311873e-01 -1.191620229594202024e-01 -5.171139995131045219e-02
-9.926116625908195656e-01 -1.097857750239817631e-01 -5.166401930814844973e-02
-9.935509195072964594e-01 -1.008988788910042400e-01 -5.172993895940949244e-02
-9.943234086786029158e-01 -9.303387816447804270e-02 -5.162999581097239832e-02
-9.949340146401555174e-01 -8.637893937891316654e-02 -5.142942099418436330e-02
-9.954166091016760642e-01 -8.072621964631171432e-02 -5.127427996701992841e-02
-9.957979649147160606e-01 -7.590804965714209596e-02 -5.122871332523050436e-02
-9.961068884758987885e-01 -7.159376529781202869e-02 -5.143344730178070479e-02
-9.963494165279329629e-01 -6.764984254211363346e-02 -5.207051937972796002e-02
-9.965221031639188709e-01 -6.424655633005127431e-02 -5.306673068401063231e-02
-9.966487704212826371e-01 -6.129781226047509302e-02 -5.416462526248062848e-02
-9.967616172834391497e-01 -5.860297858494031842e-02 -5.506332001864706893e-02
-9.968815944532524176e-01 -5.592384096204087301e-02 -5.567414707378427752e-02
-9.969991778293555429e-01 -5.321281150336334975e-02 -5.622309222638356696e-02
-9.971043657874598676e-01 -5.083215496169945363e-02 -5.655948858977902227e-02
-9.972224635626874001e-01 -4.877358021393014831e-02 -5.628939544070557521e-02
-9.973647824337071865e-01 -4.679009866493951536e-02 -5.544526515302376085e-02
-9.974931387028999064e-01 -4.485857636618766076e-02 -5.472793041068015757e-02
-9.975805578003267282e-01 -4.299702576194748549e-02 -5.462862321544539185e-02
-9.976319962671506003e-01 -4.131626528986719060e-02 -5.498514568969806865e-02
-9.976489810622737320e-01 -3.981954738680439088e-02 -5.577557020163111112e-02
-9.976409877530088011e-01 -3.842016674002111942e-02 -5.688892987981125637e-02
-9.975993827229062694e-01 -3.726088886000878536e-02 -5.837034994103076219e-02
-9.975066391360767337e-01 -3.648632228202314254e-02 -6.040904870779913866e-02
-9.973634305981203818e-01 -3.626649448489285832e-02 -6.285641322351662175e-02
-9.971718791475863153e-01 -3.674036438571189056e-02 -6.556210080585067601e-02
-9.969540724499803552e-01 -3.782678904394874697e-02 -6.820345633487995274e-02
-9.967444782884549159e-01 -3.946058065346789989e-02 -7.030865932420406195e-02
-9.965734355458945037e-01 -4.141545730691158916e-02 -7.159711907829929833e-02
-9.964484163679317996e-01 -4.357589347896823756e-02 -7.205341786029577367e-02
-9.963214421105595076e-01 -4.592463340735645355e-02 -7.234992769267342694e-02
-9.961223198846250737e-01 -4.779118339146523620e-02 -7.386695213501111301e-02
-9.958146933594940187e-01 -4.888282665455297854e-02 -7.722412671955487806e-02
-9.953788176297947432e-01 -5.014483555886568855e-02 -8.189325296192656589e-02
-9.948263914654169593e-01 -5.230750354222368781e-02 -8.708832250696547927e-02
-9.942621421730909459e-01 -5.491709850764303624e-02 -9.179817499753686882e-02
-9.937894535188027678e-01 -5.776325226581284500e-02 -9.511008759577298244e-02
-9.934475513634831723e-01 -6.054778774557981885e-02 -9.693259559619540888e-02
-9.932738409583311556e-01 -6.280203658997642047e-02 -9.727785497241905888e-02
-9.931931014356151222e-01 -6.560381786388559677e-02 -9.624760954115151035e-02
-9.931265533606654650e-01 -6.867610590786242530e-02 -9.477996353289892817e-02
-9.930393801577753754e-01 -7.169542373376497357e-02 -9.344814429135123168e-02
-9.928818142097866062e-01 -7.506926884418196888e-02 -9.246787489005403593e-02
-9.927122455581194327e-01 -7.823363900852049746e-02 -9.166185273296927061e-02
-9.925655321516853036e-01 -8.148305947108067104e-02 -9.041114645702855168e-02
-9.924432093687982626e-01 -8.509370601132805467e-02 -8.840552796639754296e-02
-9.923572763460909441e-01 -8.897834509891607013e-02 -8.549789580116096133e-02
-9.923066865143358450e-01 -9.305206982789279713e-02 -8.166242832346204406e-02
-9.923324148844507864e-01 -9.665890205854801853e-02 -7.702879346342127176e-02
-9.924974769460435109e-01 -9.926351712836375962e-02 -7.138285804760616249e-02
-9.928410956543964883e-01 -1.007264920978591938e-01 -6.419293239475323820e-02
-9.934441234119402164e-01 -1.005176387957602974e-01 -5.445161107999287042e-02
-9.942050244621397637e-01 -9.877642524679998426e-02 -4.242154110471912931e-02
-9.949884960422674673e-01 -9.469644796108209195e-02 -3.210102003208877702e-02
-9.955715669191066430e-01 -8.959082742081883599e-02 -2.847347510030610873e-02
-9.957588279516446095e-01 -8.660362056019871302e-02 -3.105107827809250320e-02
-9.956019823460278140e-01 -8.545422116387076106e-02 -3.839620858803702297e-02
-9.951355455195007860e-01 -8.521064368184222415e-02 -4.944079537114606793e-02
-9.944948203974828260e-01 -8.543605201502052493e-02 -6.066904662729692699e-02
-9.938272941201145017e-01 -8.514574842212019323e-02 -7.111617950599145865e-02
-9.932016349387241538e-01 -8.339543633600134120e-02 -8.121399850625070360e-02
-9.926423742898640157e-01 -7.976596753588570399e-02 -9.109614254865852634e-02
-9.921506506431947425e-01 -7.433018104340466392e-02 -1.005589907185832493e-01
-9.917510299861339584e-01 -6.712435158246890521e-02 -1.091980583438896812e-01
-9.914560501808002968e-01 -5.840677641914705787e-02 -1.166342532372462160e-01
-9.912553124353278289e-01 -4.888270290229804887e-02 -1.225699266774122470e-01
-9.910700976576081178e-01 -3.883324927341273713e-02 -1.275619076362850546e-01
-9.909001867836427779e-01 -2.715105787577276955e-02 -1.318318621895651910e-01
-9.906351236268241545e-01 -1.393092982570613009e-02 -1.358233449413545069e-01
-9.901247856578575535e-01 -2.328735035489479591e-04 -1.401886393254208052e-01
-9.893578476526423415e-01 1.377801391131212860e-02 -1.448489406961294690e-01
-9.883941461422033337e-01 2.734910599532671890e-02 -1.494290409294029842e-01
-9.874595473207156138e-01 3.989494235829555563e-02 -1.527482765185772529e-01
-9.867700283439976294e-01 5.097143832611560066e-02 -1.539052423959402227e-01
-9.863709281888395353e-01 6.042550844443532465e-02 -1.530397005783750708e-01
-9.862726427519026284e-01 6.903850659679867940e-02 -1.499998625534758045e-01
-9.866547484979008020e-01 7.638020398556603918e-02 -1.438001102421949395e-01
-9.874898698885284931e-01 8.078594038596580151e-02 -1.354156146959872020e-01
-9.887642356799024590e-01 8.072512017182303934e-02 -1.258123253643415318e-01
-9.902083657384684878e-01 7.783155413722066263e-02 -1.158863305232171598e-01
-9.910429717760251833e-01 7.514549111006552096e-02 -1.103946704292001479e-01
-9.908544816418041190e-01 7.432125089048531585e-02 -1.126221464740618100e-01
-9.897543690587313758e-01 7.506323440560107307e-02 -1.214569873235885333e-01
-9.881288328119947062e-01 7.665832473016584436e-02 -1.331349353669789848e-01
-9.863711619809830689e-01 7.956038423464753540e-02 -1.440210959294521975e-01
-9.846707528609093263e-01 8.301748081841042737e-02 -1.534001510393482315e-01
-9.832347370456681057e-01 8.620240843236107176e-02 -1.606816624484459222e-01
-9.821518453781054037e-01 8.955744673569472625e-02 -1.654001703583327654e-01
-9.812432667605056613e-01 9.367092996901191237e-02 -1.684856323723520344e-01
-9.803708895557989855e-01 9.869204777371454185e-02 -1.706833284705993603e-01
-9.797005828421294638e-01 1.036294446650897622e-01 -1.716033396446498549e-01
-9.795228197025428463e-01 1.071035106186735697e-01 -1.704813294620131092e-01
-9.797089956135163202e-01 1.095492945004456209e-01 -1.678369327305810899e-01
-9.801111881078271582e-01 1.114500814230383191e-01 -1.641978632524235815e-01
-9.806179766040403756e-01 1.133662456712540428e-01 -1.598013714065141255e-01
-9.811044970955671296e-01 1.157303305454095294e-01 -1.550498512437361587e-01
-9.818182825855950036e-01 1.171000221069783548e-01 -1.494002838123739962e-01
-9.827365167557238212e-01 1.172168962804996800e-01 -1.431402733726378773e-01
-9.836889277273090926e-01 1.171587452838847854e-01 -1.364914717856121618e-01
-9.848279574280304205e-01 1.166290800657207027e-01 -1.284972838279365703e-01
-9.861752745649442486e-01 1.163907824559569509e-01 -1.179470796418752021e-01
-9.875640577966957601e-01 1.180766114121273996e-01 -1.038033987187031576e-01
-9.887573501230452200e-01 1.218158281326125469e-01 -8.671681840346452674e-02
-9.894513514887580685e-01 1.276830703047600879e-01 -6.843286194964898206e-02
-9.893335280678826615e-01 1.363563389644850687e-01 -5.124567362186391306e-02
-9.885022635643533340e-01 1.468932175802235007e-01 -3.585606722827794357e-02
-9.868153979935282427e-01 1.603467998695219943e-01 -2.200622762942083116e-02
-9.841429012979076019e-01 1.770246614512266392e-01 -1.118119237897034421e-02
-9.809878346179304875e-01 1.940543072686514714e-01 -2.407106584191243993e-03
-9.781302446416648699e-01 2.078961701290756858e-01 6.356647142897154171e-03
-9.761914714411528138e-01 2.164918213469504971e-01 1.347228174575240862e-02
-9.746320619135476759e-01 2.231183518073358296e-01 1.762228637051738850e-02
-9.730722708710348723e-01 2.296505592102211502e-01 1.977312105663029534e-02
-9.720279089850203391e-01 2.339804923027208050e-01 2.036844068615370484e-02
-9.714090569735650549e-01 2.366737726012355381e-01 1.870746889420878828e-02
-9.707207305277687492e-01 2.397292866663504607e-01 1.520304042215595008e-02
-9.699641608479514510e-01 2.430193610050611353e-01 1.054119761797909019e-02
-9.690256936566428170e-01 2.469048068638927951e-01 5.217411308872380721e-03
-9.679454201773883826e-01 2.511606154105008870e-01 9.393741389381732310e-05
-9.668203728297877220e-01 2.554205576254134358e-01 -4.324976715895073598e-03
-9.655698042217617516e-01 2.600404823204764959e-01 -7.341711631682998340e-03
-9.642171680756728147e-01 2.649611961225674106e-01 -8.989846351749854192e-03
-9.626198765908071664e-01 2.706761647350577893e-01 -9.868487048127927430e-03
-9.609002355350884095e-01 2.767018224509595892e-01 -1.033628564471113578e-02
-9.592852034818722951e-01 2.822292390727932365e-01 -1.088829615388960462e-02
-9.577769860338253283e-01 2.872987264412792952e-01 -1.107640777420954015e-02
-9.563166611890474567e-01 2.921649476201121365e-01 -9.903883802315674445e-03
-9.545554663638351478e-01 2.979557190826199187e-01 -6.800816192201655092e-03
-9.522608198201971685e-01 3.052817334648599834e-01 -1.547335792961379228e-03
-9.496186155685292229e-01 3.133792414013892302e-01 4.235094379073010840e-03
-9.468135574878935312e-01 3.216298066962643976e-01 9.917398935360987461e-03
-9.441028298561534582e-01 3.293935658177245540e-01 1.302787225479481829e-02
-9.415455788465726394e-01 3.367855415635458427e-01 8.211086908676043516e-03
-9.380822627381194545e-01 3.463645693943483428e-01 -5.766576488474740511e-03
-9.331167345350626086e-01 3.586011815436965788e-01 -2.642635665555122249e-02
-9.284358763792612823e-01 3.680856959711229504e-01 -5.019705044449503106e-02
-9.266353882459454905e-01 3.685064844645567494e-01 -7.449716879089655908e-02
-9.293768905166194250e-01 3.558594833440683614e-01 -9.809497177609280416e-02
-9.369426976543954178e-01 3.284452772090860617e-01 -1.194239556837351918e-01
-9.491091418869351815e-01 2.838144996098048156e-01 -1.365326576240341871e-01
-9.645371361027981205e-01 2.190033451001481557e-01 -1.473283676470952541e-01
-9.792771647599456397e-01 1.360059602224955311e-01 -1.500620317191498354e-01
-9.887446902378403957e-01 4.044631327424096784e-02 -1.440417761241471195e-01
-9.897479204466950176e-01 -5.845321103126814577e-02 -1.303160622930902013e-01
-9.815974382186751779e-01 -1.554750503014643848e-01 -1.108782125410183450e-01
-9.642043558399828740e-01 -2.501962161260802286e-01 -8.781693239572660459e-02
-9.382809446279806176e-01 -3.399768793955387225e-01 -6.359709446583038106e-02
-9.066643265740035318e-01 -4.198338891670724271e-01 -4.122262030680415301e-02
-8.731311534902742588e-01 -4.869599443711482567e-01 -2.262744755361655036e-02
-8.399074900017875489e-01 -5.426745490688521523e-01 -7.729296980640461279e-03
-8.085609867400054274e-01 -5.883964061688699010e-01 4.335888557973323343e-03
-7.802925572346304239e-01 -6.252556268319308108e-01 1.410412135690263316e-02
-7.564608677958598593e-01 -6.537027142891692622e-01 2.096942594605693752e-02
-7.366801049392108780e-01 -6.757498955693084230e-01 2.577792902507234155e-02
-7.211746564078418409e-01 -6.921143658932125131e-01 2.974591533753505324e-02
-7.062064891804620270e-01 -7.070037988059582057e-01 3.765664766478684505e-02
-6.996349270513432250e-01 -7.131152146808091841e-01 4.447088306527210988e-02
-7.013059799955122520e-01 -7.114568021697684763e-01 4.471175537709379255e-02
-6.983762408564471169e-01 -7.143687778179709236e-01 4.413474239277126454e-02
-6.927728902136753852e-01 -7.198734267213502402e-01 4.298804584360496617e-02
-6.888121239581371791e-01 -7.239421197127863250e-01 3.802190413482452180e-02
-6.862263190958182157e-01 -7.267479629796065321e-01 3.050962610712673606e-02
-6.833571346010339775e-01 -7.297321039109492258e-01 2.267340097038614971e-02
-6.818782033843477919e-01 -7.313341950385950918e-01 1.387122621054415021e-02
-6.814159224029685546e-01 -7.318786492660308562e-01 5.097395829410055618e-03
-6.816618258360450655e-01 -7.316633685851677837e-01 -2.422863692880566217e-03
-6.827191959045681990e-01 -7.306371510123285118e-01 -7.990813726242131793e-03
-6.861955328286973854e-01 -7.273118967373840560e-01 -1.237318027869107120e-02
-6.919741759145285886e-01 -7.217587572148881359e-01 -1.536347132093863511e-02
-6.985176997515502029e-01 -7.153933213126449919e-01 -1.689434683750884111e-02
-7.080596415626708717e-01 -7.059114525821152952e-01 -1.845440607416141271e-02
-7.222795190183873837e-01 -6.912944032169999753e-01 -2.059962347760059889e-02
-7.422583228424798341e-01 -6.696935545743433194e-01 -2.373025774512716596e-02
-7.683393963875997379e-01 -6.394274180273502584e-01 -2.805617638979756440e-02
-7.979536788916522516e-01 -6.018564793468998975e-01 -3.222894058812120210e-02
-8.282346087046691396e-01 -5.592918819098678940e-01 -3.492883870875254648e-02
-8.575090936084267534e-01 -5.132326227986583334e-01 -3.564308171391378927e-02
-8.854767014473435838e-01 -4.633777581108445287e-01 -3.481471645869748527e-02
-9.111185967828566712e-01 -4.108261696023687293e-01 -3.293570959132522541e-02
-9.337452231220841892e-01 -3.565475068983499085e-01 -3.152354074752024282e-02
-9.528393296638075771e-01 -3.020821686825036489e-01 -2.904436623342269985e-02
-9.686870331018655467e-01 -2.468403730145584951e-01 -2.674438539841018925e-02
-9.816998917151549264e-01 -1.876576073719718185e-01 -3.240285484151117501e-02
-9.901276822852249637e-01 -1.332867408245131113e-01 -4.337992038798360594e-02
-9.954026128675121932e-01 -7.836262845544636479e-02 -5.507210508127796666e-02
-9.974884138110350351e-01 -1.779545029715264015e-02 -6.855790444191682542e-02
-9.956549468705041539e-01 3.937437710879172770e-02 -8.438533758650348937e-02
-9.892867027571530247e-01 1.005401198285696129e-01 -1.058466062409995079e-01
-9.784768278755080484e-01 1.619153243077351145e-01 -1.279317203237907152e-01
-9.652977544506309293e-01 2.163523803238173449e-01 -1.462596758535581465e-01
-9.495845231995783120e-01 2.670639971693598569e-01 -1.642134425549669763e-01
-9.301377792404817990e-01 3.177119271061790706e-01 -1.841272467726135509e-01
-9.086191190745697144e-01 3.648904321458217304e-01 -2.031410076291549904e-01
-8.858586090670803603e-01 4.085057056681979382e-01 -2.199491149749535079e-01
-8.605101253145184259e-01 4.515973025826147680e-01 -2.357587761490502754e-01
-8.339527513210276410e-01 4.922264683519072537e-01 -2.494712657159081082e-01
-8.055923619564167026e-01 5.313204461406668688e-01 -2.621441013457378455e-01
-7.767513609382886708e-01 5.678009435694193474e-01 -2.725058013367668286e-01
-7.465004859703968654e-01 6.030464710929086536e-01 -2.811974006785110669e-01
-7.107460537931664657e-01 6.403737445825085084e-01 -2.911383077968570099e-01
-6.673537869699414093e-01 6.802883555672678551e-01 -3.030621657291792115e-01
-6.232488417846315798e-01 7.165860836837378844e-01 -3.131537416109188565e-01
-5.760635963539769699e-01 7.509386860990526769e-01 -3.228650223786264650e-01
-5.210225711637274104e-01 7.855198155013001227e-01 -3.339073221610180386e-01
-4.614576817575756218e-01 8.175767265120752469e-01 -3.444199532732145075e-01
-3.983843100176170382e-01 8.462557487037504211e-01 -3.537529495532754642e-01
-3.347397607692841337e-01 8.691643181576148569e-01 -3.640091765350578212e-01
-2.689596918279797411e-01 8.866622207267490507e-01 -3.761526159788176060e-01
-2.036596111467386394e-01 8.996919453367901998e-01 -3.861051233584726905e-01
-1.414756413600041784e-01 9.085034553673060342e-01 -3.931998403960015320e-01
-8.307605228837311451e-02 9.135128888737843456e-01 -3.982368282789179315e-01
-2.869012166750867232e-02 9.154699029261413878e-01 -4.013623472064924425e-01
2.476652324129752225e-02 9.143590646222754525e-01 -4.041461620127247967e-01
7.802544254275678437e-02 9.098014479599877413e-01 -4.076436625361867239e-01
1.326232258094000027e-01 9.013084882184458912e-01 -4.123761499423657106e-01
1.902582518475635642e-01 8.877251631360288942e-01 -4.192205056280283726e-01
2.480190634857578069e-01 8.701619468816507164e-01 -4.257989318290767988e-01
3.019684061109441653e-01 8.504080205512805080e-01 -4.308378816827380664e-01
3.516768558521949917e-01 8.295326080916950451e-01 -4.338191341682670066e-01
3.988205390208198753e-01 8.076182688294856193e-01 -4.343902732658817545e-01
4.387162059612875198e-01 7.870557103797809484e-01 -4.336719951593734912e-01
4.699024449519655366e-01 7.696556605884703472e-01 -4.322289397440788328e-01
4.960448199142954984e-01 7.540321785290965417e-01 -4.305519833642146299e-01
5.166666250521660952e-01 7.410610487737671059e-01 -4.288171178340819956e-01
5.321410727250834860e-01 7.309838019338028570e-01 -4.271867975832122077e-01
5.443461547012177215e-01 7.231348450739176759e-01 -4.251626273579544590e-01
5.537904193530005514e-01 7.174248901568996972e-01 -4.226318710369442178e-01
5.609662344645121035e-01 7.130920474139325060e-01 -4.204956785814949471e-01
5.669746491928210341e-01 7.093304919781404649e-01 -4.187958933928637162e-01
5.727545611382477420e-01 7.051137991387115278e-01 -4.180511248155013293e-01
5.777172011557905051e-01 7.010574007008933961e-01 -4.180446823142555668e-01
5.853129944809891683e-01 6.923526948449735263e-01 -4.219673499603971423e-01
5.976258914493963736e-01 6.778449030107061013e-01 -4.282167457394921994e-01
6.142246571772203012e-01 6.620621919591137550e-01 -4.294202190090957716e-01
6.351952856922428170e-01 6.418556894829013926e-01 -4.295907621362211048e-01
6.572871948449596768e-01 6.157747349971615103e-01 -4.345054881494817001e-01
6.780446751002656702e-01 5.868431043723785212e-01 -4.425726939371256718e-01
6.963081340962280485e-01 5.599205255427300854e-01 -4.490478676793623336e-01
7.132075222217153510e-01 5.363206627547668637e-01 -4.513260206864310176e-01
7.297611006938793388e-01 5.155312286428620494e-01 -4.490838320492498426e-01
7.457989818955349515e-01 4.974900509523938474e-01 -4.430434829753939763e-01
7.611034724195302470e-01 4.812048832333780668e-01 -4.349291489694435131e-01
7.748826412604370439e-01 4.666333412180904694e-01 -4.263920931922751678e-01
7.866149292111894731e-01 4.537418795560137497e-01 -4.187544147576848230e-01
7.965113077581575940e-01 4.420827453916423289e-01 -4.124713115361817173e-01
8.052047682813935348e-01 4.310072207979690484e-01 -4.072812992968347645e-01
8.132434875350279535e-01 4.200848652084571144e-01 -4.026955872674259362e-01
8.209288015699358620e-01 4.090249236614200701e-01 -3.984651987021181618e-01
8.282077073301383763e-01 3.983195467156014913e-01 -3.942252303230145416e-01
8.352018668799924273e-01 3.882770903917082683e-01 -3.894595519911208115e-01
8.421392615745727506e-01 3.786331299429374075e-01 -3.839771048177846868e-01
8.486303385353024531e-01 3.695021230949492308e-01 -3.785429031771473385e-01
8.543749892304299820e-01 3.608466513435944489e-01 -3.739426052105014331e-01
8.597634842465432525e-01 3.520271163012204108e-01 -3.699779189963791071e-01
8.652448492653586065e-01 3.421144657791971855e-01 -3.664819819914496568e-01
8.709860111678398020e-01 3.306416748095410973e-01 -3.633998503426730808e-01
8.770253190387896636e-01 3.185841074973922993e-01 -3.596258558766308733e-01
8.835923537599876809e-01 3.068511907816711681e-01 -3.537045364322536356e-01
8.909073544527219557e-01 2.964370336555741114e-01 -3.441063365582447409e-01
8.996952227055861062e-01 2.816643927332850295e-01 -3.334871453398700059e-01
9.105834660934707392e-01 2.599921062318332199e-01 -3.213127074585385712e-01
9.235600858345807129e-01 2.325983061987030309e-01 -3.048520884079958804e-01
9.363689343060352943e-01 2.015816532524870586e-01 -2.873639781506616697e-01
9.467888517133469239e-01 1.719422163475894383e-01 -2.720785631188183951e-01
9.542858440033257228e-01 1.449896200748273800e-01 -2.613743254518652304e-01
9.589439645480777319e-01 1.223680875712910981e-01 -2.558369089888320458e-01
9.613644756399744029e-01 1.042288820206355715e-01 -2.547836045160789542e-01
9.624817804439360636e-01 8.987660654660008241e-02 -2.560293301735927507e-01
9.632111549901172243e-01 7.777443866140122675e-02 -2.572458116150938001e-01
9.639385834924401042e-01 6.757290827667859767e-02 -2.574030095426614873e-01
9.648921275031405731e-01 5.887710903351006664e-02 -2.559622400166073897e-01
9.661661570943483879e-01 5.075143482584219129e-02 -2.528779325062926464e-01
9.675767548285700848e-01 4.250107957406151771e-02 -2.489756649764239271e-01
9.687861764421676902e-01 3.365885781697099816e-02 -2.456021694224665708e-01
9.694484291737019976e-01 2.398035278350207911e-02 -2.441202282749634911e-01
9.693891538006169650e-01 1.498467986128485321e-02 -2.450716790312136850e-01
9.685689275179567570e-01 6.631460684972573932e-03 -2.486569049431338330e-01
9.672170059571616463e-01 -1.353335098283766323e-03 -2.539476951487764089e-01
9.659993260015906635e-01 -9.641340606161268728e-03 -2.583647551733561087e-01
9.655664059603066285e-01 -1.891349266924330016e-02 -2.594682937777690879e-01
9.662541480037590835e-01 -2.821145192225310572e-02 -2.560410815591283029e-01
9.679236025689894607e-01 -3.737323743957591399e-02 -2.484494731593408778e-01
9.701520942395851499e-01 -4.639417435672513190e-02 -2.380178451887692281e-01
9.725532054084001787e-01 -5.552092729390648018e-02 -2.259594859311528092e-01
9.756944230482087477e-01 -6.089526231055707173e-02 -2.105045364374633632e-01
9.791190408336387652e-01 -6.405718032290928787e-02 -1.929315462180651586e-01
9.818091435138873724e-01 -6.982155262484379676e-02 -1.765665780989796319e-01
9.838449231072657897e-01 -7.538040685032684762e-02 -1.623790674290784275e-01
9.851050212551142327e-01 -7.918046445482603002e-02 -1.526386292741095940e-01
9.854550793003178377e-01 -8.298655373712894578e-02 -1.482953761249440616e-01
9.855440728306341658e-01 -8.500534715318866508e-02 -1.465502352907407935e-01
9.855564409724563157e-01 -8.692349130120831380e-02 -1.453368787256490713e-01
9.855654627035539406e-01 -8.947541536963948827e-02 -1.437180182522701244e-01
9.854076715196846692e-01 -9.397370987821385135e-02 -1.419178028362855226e-01
9.849889521783410373e-01 -1.004820860612244127e-01 -1.403570962488119023e-01
9.846483563966674790e-01 -1.068108723335117749e-01 -1.380545247237323636e-01
9.844594371208486017e-01 -1.140907731269640013e-01 -1.335024799432340536e-01
9.844600415657778214e-01 -1.221223912355773877e-01 -1.261925042116670004e-01
9.845684397799938647e-01 -1.300977725285149822e-01 -1.170451065713879468e-01
9.849465991651993324e-01 -1.365431332997038560e-01 -1.060007997215460240e-01
9.854115136412278098e-01 -1.423210333706212971e-01 -9.332133862961108917e-02
9.858833185573798730e-01 -1.472090534654424687e-01 -7.977202998605878448e-02
9.864535753859277056e-01 -1.501170364184541695e-01 -6.613787859661436619e-02
9.869677102999412366e-01 -1.520648478809904502e-01 -5.264048692995312168e-02
9.870871842009638630e-01 -1.550389097823522688e-01 -4.027191626570717636e-02
9.870608266628064786e-01 -1.576456073600869257e-01 -2.930506693059253126e-02
9.870271998573595384e-01 -1.594454529559168887e-01 -1.882695603178052152e-02
9.867187026802115568e-01 -1.622237068264310023e-01 -8.346899099217262516e-03
9.862527680043140510e-01 -1.652276380559863089e-01 2.303307680007980578e-03
9.858418824994876761e-01 -1.672352456816207644e-01 1.217190665731124333e-02
9.854637612302414862e-01 -1.686110213032478433e-01 2.077254912189428065e-02
9.849580170805152246e-01 -1.702277327481427072e-01 2.966856235557289306e-02
9.843359835987632867e-01 -1.715361892473825645e-01 4.071863420034332881e-02
9.834488262717986373e-01 -1.731374217629897683e-01 5.340261500981048626e-02
9.822076313804528613e-01 -1.764251527134264030e-01 6.436096913537596442e-02
9.816187443567931936e-01 -1.778269459106058825e-01 6.929803774638290670e-02
9.825650692148979459e-01 -1.731301369336560869e-01 6.776312008796533948e-02
9.842091785458049191e-01 -1.659143977640007428e-01 6.168229471088792354e-02
9.858272569056578671e-01 -1.591846104099126913e-01 5.296111168121674095e-02
9.874753895953221061e-01 -1.515643897583829613e-01 4.382454450117850842e-02
9.889638437894787693e-01 -1.440389512244063253e-01 3.468856017929101282e-02
9.900541390861623547e-01 -1.384725789116464101e-01 2.486255352765633780e-02
9.906524029944316911e-01 -1.356746371686664565e-01 1.414953251908275360e-02
9.906510213662503839e-01 -1.363874987128400051e-01 3.000676733698467297e-03
9.900107222574427990e-01 -1.407800725549351040e-01 -7.729229374513708895e-03
9.888252969495865408e-01 -1.481275640506777291e-01 -1.681537632568654364e-02
9.872350722294975789e-01 -1.576274562002143442e-01 -2.281440798855596808e-02
9.854822466080992438e-01 -1.679244824197431152e-01 -2.502218664135204274e-02
9.838088961298662172e-01 -1.776545318078692204e-01 -2.364155713697246516e-02
9.823215473164614853e-01 -1.862101620859098194e-01 -1.923936625078837004e-02
9.810138578628893047e-01 -1.935286914419753201e-01 -1.258794144121411218e-02
9.798562068402854042e-01 -1.996520382446079767e-01 -4.569194824191925158e-03
9.788285581468227914e-01 -2.046375420229027409e-01 4.257951507077411581e-03
9.780543602714681928e-01 -2.078497761112026998e-01 1.442702063810261462e-02
9.774816679489570781e-01 -2.092931913749532802e-01 2.694343830716745131e-02
9.770505996883624977e-01 -2.088678821628596471e-01 4.178915468651259180e-02
9.768150523649292705e-01 -2.064453416033915356e-01 5.668045874513881477e-02
9.769036919525919682e-01 -2.022843323214910116e-01 6.884929590521424170e-02
9.778016930525279538e-01 -1.940367570846935064e-01 7.907961787759062999e-02
9.788436921170418081e-01 -1.858838000562436088e-01 8.551163242114168117e-02
9.799866390584905940e-01 -1.804293226323307187e-01 8.409189497972947847e-02
9.815885131478776504e-01 -1.762985985812407785e-01 7.350370735159851565e-02
9.827909523538138625e-01 -1.762267725060867873e-01 5.537209246155942732e-02
9.831669330811652063e-01 -1.790870347935994145e-01 3.620242622548484890e-02
9.831005112881698871e-01 -1.818918289952838330e-01 2.070621282826684562e-02
9.826586029702897296e-01 -1.852195774747309454e-01 8.705063386383118940e-03
9.818074971579504595e-01 -1.898767352905847694e-01 -9.294728775843343928e-04
9.806996126088434185e-01 -1.953518521852163348e-01 -8.119339669569769144e-03
9.796270572862748605e-01 -2.003186673697795184e-01 -1.425693290400910362e-02
9.788835417735064492e-01 -2.034006203731410500e-01 -2.037643925658753907e-02
9.783794588486003363e-01 -2.051434929723109091e-01 -2.626369726903389490e-02
9.780864598790931508e-01 -2.056816511115658885e-01 -3.227902410549532419e-02
9.778113980292003626e-01 -2.058875989150695807e-01 -3.866738285904559869e-02
9.772638187965679846e-01 -2.070162147406609532e-01 -4.582265057367627958e-02
9.764457959225800732e-01 -2.089392243624020595e-01 -5.383315101270502723e-02
9.754636483241186928e-01 -2.109726552958214041e-01 -6.293814038904113617e-02
9.746573547540877680e-01 -2.116185384266519309e-01 -7.253023519837935307e-02
9.740824194536130687e-01 -2.107730616108382249e-01 -8.208627540941018652e-02
9.736703198038180185e-01 -2.087755911582087065e-01 -9.153611784247506211e-02
9.736842250104459362e-01 -2.048770595115592674e-01 -9.982194373835792667e-02
9.739881330750967958e-01 -2.002193726901530524e-01 -1.061099402904783495e-01
9.748214930399490274e-01 -1.943207135649498707e-01 -1.093732919271113296e-01
9.763441577284116546e-01 -1.863361737296552745e-01 -1.096855324525071729e-01
9.780840859692722100e-01 -1.777561911404505479e-01 -1.084170525558271203e-01
9.809257714946173490e-01 -1.649649187504103054e-01 -1.028163722339983654e-01
9.829220741128916750e-01 -1.571903926945572849e-01 -9.568373250527943685e-02
9.841603787168918815e-01 -1.527623887564178440e-01 -8.995555316520108258e-02
9.859648411045907057e-01 -1.438894025607661276e-01 -8.467096276944705013e-02
9.870542923546247183e-01 -1.370559501054678664e-01 -8.330360427375527177e-02
9.874041007875001830e-01 -1.322708381239990072e-01 -8.681916338000220112e-02
9.870691707406100690e-01 -1.304133313976077457e-01 -9.320308560998305514e-02
9.864351096689237819e-01 -1.300136408687725398e-01 -1.002109155756216868e-01
9.857758500187270290e-01 -1.297617399515755277e-01 -1.068076044324372947e-01
9.850246277693410768e-01 -1.301066125944121965e-01 -1.131315696305797147e-01
9.841912049756336156e-01 -1.310115685201974911e-01 -1.191790290381997824e-01
9.835250886168244167e-01 -1.316751443192212545e-01 -1.238549814491948092e-01
9.832994444413818425e-01 -1.314248629282332437e-01 -1.258956232978932777e-01
9.835020461083632259e-01 -1.306116898255297309e-01 -1.251571483439226640e-01
9.842721326905081725e-01 -1.286144519350438387e-01 -1.211061169484318190e-01
9.857002215959280722e-01 -1.244808589573200980e-01 -1.135763571302858266e-01
9.873940027629990457e-01 -1.196215083807936480e-01 -1.036521974700303911e-01
9.889733288899809072e-01 -1.157797505194129994e-01 -9.234069587095404541e-02
9.902683357016641708e-01 -1.132528795765366664e-01 -8.088515669935232577e-02
9.912899265888408529e-01 -1.113155825483956168e-01 -7.037842372064229135e-02
9.921471262526827539e-01 -1.091768723308425143e-01 -6.102860326599360286e-02
9.928867988201601769e-01 -1.067434465498816598e-01 -5.274126797212350115e-02
9.934861860115316023e-01 -1.043823676628625879e-01 -4.571126256575629848e-02
9.939084309290747710e-01 -1.027723136015503830e-01 -3.979802112026428751e-02
9.941307277010758003e-01 -1.023765205915715820e-01 -3.497347955369911610e-02
9.948015679048543003e-01 -9.744169875473007725e-02 -2.957965242926104479e-02
9.955566746978694592e-01 -9.082019403324437246e-02 -2.487166701861021068e-02
9.961822928237169528e-01 -8.374480797063540982e-02 -2.465048888853060144e-02
9.965981994772170616e-01 -7.634639911371111920e-02 -3.103636804039535887e-02
9.964075355107859799e-01 -7.260947212033053155e-02 -4.358770165687265996e-02
9.957351937653537988e-01 -6.999568507036189879e-02 -6.010014948903197318e-02
9.947341313086834891e-01 -6.749694471293925246e-02 -7.712438307031907470e-02
9.935365480855147258e-01 -6.617235539235455377e-02 -9.222985959084817331e-02
9.921664305973785236e-01 -6.651254087284269589e-02 -1.057442948924226661e-01
9.907427670864743519e-01 -6.702883248665290894e-02 -1.180504344816736273e-01
9.891019238073681663e-01 -6.880901476818311602e-02 -1.301641417871881312e-01
9.871320672301282517e-01 -7.313588084407041112e-02 -1.422020561705620301e-01
9.849057646974201941e-01 -7.909559939473814749e-02 -1.539627254311167204e-01
9.825404436889372262e-01 -8.542001518262090642e-02 -1.652806628790771393e-01
9.800688700636296380e-01 -9.067821664537190074e-02 -1.767553986678060407e-01
9.774508647947960371e-01 -9.410115320573383957e-02 -1.890364511866863828e-01
9.747546166306948479e-01 -9.649213921100821545e-02 -2.013521900244211182e-01
9.723071539171144195e-01 -9.721777412734504409e-02 -2.125264756102756003e-01
9.699033239172045739e-01 -9.921918885321183434e-02 -2.223580329506193165e-01
9.669092698495941329e-01 -1.029835524839009669e-01 -2.334113360501589851e-01
9.644561891444550783e-01 -1.001589584350581763e-01 -2.445249317884768403e-01
9.624360254487583921e-01 -9.425450131102668105e-02 -2.546232234125688221e-01
9.598535630613298508e-01 -9.269254557390065041e-02 -2.647437052575565275e-01
9.573420399629192223e-01 -9.308186718140817884e-02 -2.735543538707788658e-01
9.549833613570155588e-01 -9.472542757963327287e-02 -2.811296371802721183e-01
9.523895275665353877e-01 -9.702541355393334843e-02 -2.890333145266819614e-01
9.498187613374594607e-01 -9.874751156789451922e-02 -2.968050699879007936e-01
9.471594931140924212e-01 -9.827642016620875831e-02 -3.053369283974191051e-01
9.441219189715640558e-01 -9.774507508722321547e-02 -3.147692844189921568e-01
9.403080944111236184e-01 -1.018088448724490808e-01 -3.247393519280641350e-01
9.356885614860288580e-01 -1.063556573761075680e-01 -3.364155020927270812e-01
9.310567724625298247e-01 -1.081422890275510196e-01 -3.484803176300470540e-01
9.258804418123565139e-01 -1.125552714069270183e-01 -3.606615010614087069e-01
9.204993546365758395e-01 -1.194567175872299353e-01 -3.720363298616576886e-01
9.154895122844632915e-01 -1.236983012185961101e-01 -3.828546501908903776e-01
9.114265837878906540e-01 -1.234861366063032123e-01 -3.924955495681246020e-01
9.077139932484201701e-01 -1.247081317017987162e-01 -4.006284916833223742e-01
9.038600509674495909e-01 -1.280642520840771514e-01 -4.082114104275689770e-01
9.007967173513056203e-01 -1.289758731570683215e-01 -4.146450266824426301e-01
8.982782977956517145e-01 -1.302091914709292975e-01 -4.196923470422510016e-01
8.967092797402563820e-01 -1.289647363533751312e-01 -4.234153568365409126e-01
8.959364132920666357e-01 -1.245824659288247427e-01 -4.263533188805271879e-01
8.952246477458734031e-01 -1.201769847027499560e-01 -4.291040927514344627e-01
8.947178469134215995e-01 -1.139387206674962738e-01 -4.318540752931079307e-01
8.941738544805570843e-01 -1.067926956345944672e-01 -4.347970079502391227e-01
8.931986476371577277e-01 -1.000911674545853364e-01 -4.383810375195654752e-01
8.919419109004509405e-01 -9.318720192332768937e-02 -4.424429601394432865e-01
8.903086682825245290e-01 -8.522148143380649243e-02 -4.473117193671826697e-01
8.879268395901368516e-01 -7.694971261493138703e-02 -4.535026673173495615e-01
8.854981807526214332e-01 -6.867717501008191450e-02 -4.595393536101479715e-01
8.842568569874533768e-01 -5.920892476607316629e-02 -4.632322463934434031e-01
8.847534542280306447e-01 -4.830466405422984694e-02 -4.635493335796912473e-01
8.869796678253554223e-01 -3.595128145314942930e-02 -4.604069658750814531e-01
8.906409277055388207e-01 -2.148989664902561936e-02 -4.541992098604216155e-01
8.942791827571742180e-01 -7.136000484295194207e-03 -4.474525905436784745e-01
8.972097148543546341e-01 7.250774538937550598e-03 -4.415451888986596241e-01
8.995130215216213809e-01 2.313156229349859136e-02 -4.362811650058996404e-01
9.008288416437362223e-01 3.804670634216460179e-02 -4.325041574358768903e-01
9.020043939772512953e-01 5.057677400761861897e-02 -4.287540824023879926e-01
9.044667468962995782e-01 6.166409105137374974e-02 -4.220633170907334697e-01
9.091046378017978435e-01 7.087645288599304927e-02 -4.104939536138887402e-01
9.159491375385546696e-01 7.967910018616736201e-02 -3.933044856544362089e-01
9.238250710539865906e-01 9.069159882561649011e-02 -3.719170229964612329e-01
9.313549005373620293e-01 1.020914078454113610e-01 -3.495073585622799905e-01
9.379507219317931854e-01 1.121977555755763606e-01 -3.281159960615015470e-01
9.436360865379689322e-01 1.209781641015902492e-01 -3.080831381200787589e-01
9.485351998206201785e-01 1.299544205381506501e-01 -2.887781558287425554e-01
9.531094423108406044e-01 1.351416689453462383e-01 -2.707750363172076180e-01
9.577366481709328472e-01 1.362822149729467913e-01 -2.533133842345771658e-01
9.622823316888946543e-01 1.374551130393970033e-01 -2.347739466352916637e-01
9.667218969825286390e-01 1.377549576165051082e-01 -2.155744547634912134e-01
9.710503013204121459e-01 1.382953345665468570e-01 -1.947709237608736543e-01
9.749227645779774409e-01 1.400203154639059755e-01 -1.729737389461819541e-01
9.779386437634908225e-01 1.423243610879693921e-01 -1.529044972357772036e-01
9.800434716479807795e-01 1.451038059227610089e-01 -1.358664019796774758e-01
9.814836659752749215e-01 1.478351923466501849e-01 -1.217972467979621387e-01
9.827052986510319554e-01 1.491483390888770910e-01 -1.097500293859461351e-01
9.841065104754425086e-01 1.477595443172459999e-01 -9.849615780835098422e-02
9.857660695818366570e-01 1.438958075017514882e-01 -8.694396266904715065e-02
9.875938216835544736e-01 1.381356118694058999e-01 -7.467928833308892789e-02
9.895335525402112475e-01 1.300040393384793436e-01 -6.262825363067391071e-02
9.912617311741753756e-01 1.218800303374164562e-01 -5.045233903920937069e-02
9.926161709180277848e-01 1.153591563709351620e-01 -3.748869527495919673e-02
9.936747510592784938e-01 1.095873314287440364e-01 -2.451746107589120038e-02
9.944426588810207912e-01 1.046591981667351900e-01 -1.141273134450098391e-02
9.949566378936551825e-01 1.002814438369040856e-01 2.218272602718599287e-03
9.952418154021281937e-01 9.609042135647952176e-02 1.613566852069972177e-02
9.953555017327494481e-01 9.146270699951043748e-02 3.003328817609080686e-02
9.953189607646704129e-01 8.611526726588888958e-02 4.386715270063613198e-02
9.950420501289629627e-01 8.079170146410143138e-02 5.800016766946532176e-02
9.944893570385453518e-01 7.589832629291427823e-02 7.232124724446703512e-02
9.936841512095837547e-01 7.169185058834341706e-02 8.632546666023728499e-02
9.926619034862730340e-01 6.848222683038983349e-02 9.966207892353032283e-02
9.915168762843784567e-01 6.535830619572356726e-02 1.123502374474335125e-01
9.903275276518092030e-01 6.188343112301986776e-02 1.241846565703581678e-01
9.891619701561763511e-01 5.813845265787736388e-02 1.348277312695705943e-01
9.879453996952575201e-01 5.470228444483578312e-02 1.448155630362079616e-01
9.866296806648477968e-01 5.138298619036909404e-02 1.546662922596295786e-01
9.853579413832187495e-01 4.658185677220558207e-02 1.640117616900666486e-01
9.840597057555375837e-01 4.153409079303140017e-02 1.729202556391858381e-01
9.826969886957662714e-01 3.701720941022596661e-02 1.814837585453649704e-01
9.813424719308048161e-01 3.173777764385940503e-02 1.896303410716930760e-01
9.798676829589537673e-01 2.572662900955417775e-02 1.979834954041774786e-01
9.782027238905710576e-01 1.961116298474799985e-02 2.067240509942000759e-01
9.763576966545262081e-01 1.407903477894126287e-02 2.157021765378402400e-01
9.744258731370697424e-01 9.305671741847100845e-03 2.245164186301137343e-01
9.726046866980416761e-01 5.882599050272472457e-03 2.323908742644988090e-01
9.710914941741126682e-01 3.893159441091792634e-03 2.386758329874550111e-01
9.700668092649684660e-01 2.442321767954377075e-03 2.428259060044149487e-01
9.697389273394961817e-01 1.690827176616229235e-03 2.441383908890654153e-01
9.702256922822055651e-01 1.808323900853180816e-03 2.421958628882511788e-01
9.714691192581255130e-01 2.895756368443222310e-03 2.371484027416094209e-01
9.733973218130984595e-01 5.160045950315032652e-03 2.290655535275393229e-01
9.759114275561269203e-01 8.421165344158810379e-03 2.180045172458794089e-01
9.787987656902068512e-01 1.267864336156151149e-02 2.044314757708272090e-01
9.820516945519899288e-01 1.762617465721454113e-02 1.877865468943886174e-01
9.859283781137854197e-01 2.274647385243962552e-02 1.656134993205597705e-01
9.903674147479640810e-01 2.813535539230447094e-02 1.355757558798138529e-01
9.946114032237547420e-01 3.347859332315133302e-02 9.811901123827523885e-02
9.975255607260917756e-01 3.770429767709007618e-02 5.933920824188046450e-02
9.986829944038388973e-01 4.029612849483543702e-02 3.175686881462858741e-02
9.988223913717648728e-01 4.324490589542204222e-02 2.199337646850701988e-02
9.985566751958927512e-01 4.778988089704531289e-02 2.450905354293933178e-02
9.980331280395166038e-01 5.369962884433181205e-02 3.234540458301918969e-02
9.973900081151774177e-01 5.955957107494028180e-02 4.081457099340372180e-02
9.969050777979535649e-01 6.299715712974963966e-02 4.702790718526546343e-02
9.967358411858486811e-01 6.347828884913207792e-02 4.988155711608145693e-02
9.968147961020903391e-01 6.168602080244577762e-02 5.054796840139665071e-02
9.969087984246323142e-01 5.902648139020399976e-02 5.185288919865330137e-02
