This file was generated on Sept 19
Sampling rate: 50 [Hz]
,t,values
0,0.0,2.306895125601181
1,0.02,3.053099650793014
2,0.04,3.165166359103491
3,0.06,5.544288712205267
4,0.08,3.8744773588186066
5,0.1,5.241751744273161
6,0.12,5.462330603117524
7,0.14,3.6095994450811926
8,0.16,3.6226655679122497
9,0.18,1.9913044671663411
10,0.2,1.3932881793684133
11,0.22,2.4098500189468552
12,0.24,-0.08546544575433157
13,0.26,-1.693347024975543
14,0.28,-3.6396808342799316
15,0.3,-3.7954424502903548
16,0.32,-5.468418943505299
17,0.34,-6.933042069203996
18,0.36,-4.874692039824007
19,0.38,-4.228171612343571
20,0.4,-4.046840916441816
21,0.42,-2.9510439670699045
22,0.44,-2.5721703713394035
23,0.46,-0.7012686612798578
24,0.48,-0.2363781448116581
25,0.5,0.26451847698893527
26,0.52,1.7654032126400454
27,0.54,3.539446038046985
28,0.56,4.235477810218134
29,0.58,4.5681663008897235
30,0.6,4.532319245667593
31,0.62,4.4456160338042086
32,0.64,3.8658234332175887
33,0.66,3.200245508689645
34,0.68,2.801748786501409
35,0.7000000000000001,1.1938176811733112
36,0.72,0.556989420670961
37,0.74,-1.2538194377613514
38,0.76,-1.3133235282651898
39,0.78,-2.592901767932812
40,0.8,-3.6279798132344614
41,0.8200000000000001,-4.502879318900099
42,0.84,-3.7625623136198545
43,0.86,-5.236300805318381
44,0.88,-5.782911092940068
45,0.9,-2.880785385839047
46,0.92,-4.321669616723177
47,0.9400000000000001,-2.643663741978223
48,0.96,-1.7695135669785387
49,0.98,-1.3936556237932383
50,1.0,1.2231922677791074
51,1.02,2.8064570171593037
52,1.04,4.340204340931906
53,1.06,3.9692901658790793
54,1.08,4.07412905537025
55,1.1,3.9707435948778045
56,1.12,3.449947478162364
57,1.1400000000000001,5.77563691798233
58,1.16,3.6931601154482876
59,1.18,4.478920078199345
60,1.2,1.3013442086426639
61,1.22,0.2177837666317804
62,1.24,-0.8466649216316715
63,1.26,-2.9099177557163687
64,1.28,-3.0920985027280183
65,1.3,-3.74015263526356
66,1.32,-4.774809830890475
67,1.34,-4.5786063074593555
68,1.36,-5.110586442664701
69,1.3800000000000001,-5.40387616730925
70,1.4000000000000001,-5.464779499848131
71,1.42,-3.6910767658854606
72,1.44,-3.5028567248428653
73,1.46,-2.3673435783285117
74,1.48,-0.35596999999592593
75,1.5,0.9334933741714968
76,1.52,1.5400252112247244
77,1.54,3.462633408060756
78,1.56,5.249764338665647
79,1.58,4.833910989289039
80,1.6,4.914030150362476
81,1.62,5.091319579145169
82,1.6400000000000001,4.317664137427756
83,1.6600000000000001,4.021717034601061
84,1.68,3.3326567535785907
85,1.7,2.4755507041763547
86,1.72,1.5045615871339866
87,1.74,-1.429471223455582
88,1.76,-2.829701442553887
89,1.78,-2.2898699128007953
90,1.8,-2.7445019239679764
91,1.82,-4.109751162218631
92,1.84,-5.68780116187752
93,1.86,-5.046528840288229
94,1.8800000000000001,-4.08789391492975
95,1.9000000000000001,-3.710214171971497
96,1.92,-4.23164174503475
97,1.94,-0.6785643343264738
98,1.96,0.7643443931284002
99,1.98,1.6948786349136842
100,2.0,1.7677862601582583
101,2.02,2.4273225386890473
102,2.04,3.7903549259943103
103,2.06,4.809115123641645
104,2.08,5.266727738770245
105,2.1,5.340065986061175
106,2.12,4.724785026435294
107,2.14,4.872662053646073
108,2.16,2.640810880964047
109,2.18,2.6363753794560365
110,2.2,1.8391910761929384
111,2.22,0.17664702964726908
112,2.24,0.4167543310416789
113,2.2600000000000002,-2.7574646368488462
114,2.2800000000000002,-2.974038052284022
115,2.3000000000000003,-4.21680497992433
116,2.32,-4.555471191732294
117,2.34,-3.649073530780752
118,2.36,-5.434840460853905
119,2.38,-5.506281325139522
120,2.4,-4.5387854039794595
121,2.42,-3.871372378116543
122,2.44,-3.0623255621905763
123,2.46,-1.6167162066855587
124,2.48,0.9255160354833011
125,2.5,1.3136352044353936
126,2.52,1.2134081176159488
127,2.54,3.0453950489352852
128,2.56,4.076696606087872
129,2.58,4.394656547397881
130,2.6,3.697504015394597
131,2.62,5.6867102560607785
132,2.64,6.4753363301172
133,2.66,5.7397888209134535
134,2.68,2.893170941071615
135,2.7,3.029180443165817
136,2.72,1.28084887984687
137,2.74,-0.5444200913591954
138,2.7600000000000002,-3.129044338488037
139,2.7800000000000002,-2.7888678607446913
140,2.8000000000000003,-4.553824570809871
141,2.82,-3.9839648170550026
142,2.84,-5.793758553170507
143,2.86,-5.137589002767624
144,2.88,-4.973839911626176
145,2.9,-5.896603557288854
146,2.92,-4.7316461292940195
147,2.94,-3.617733900975112
148,2.96,-1.2031751559601973
149,2.98,0.5756267295583835
150,3.0,0.5190448525424322
151,3.02,2.6911817051132454
152,3.04,3.7836201445816044
153,3.06,5.390650081158785
154,3.08,4.011873196692935
155,3.1,4.667757052480555
156,3.12,4.318974313070194
157,3.14,4.667835836109078
158,3.16,3.6545366696054264
159,3.18,2.831430490633143
160,3.2,2.528688996420794
161,3.22,0.23679437297000705
162,3.24,-1.1500456757116788
163,3.2600000000000002,-2.05558548762669
164,3.2800000000000002,-3.0364477941955723
165,3.3000000000000003,-4.0565071518791616
166,3.3200000000000003,-4.386727596896869
167,3.34,-5.318627680982984
168,3.36,-4.765796432391148
169,3.38,-5.060524435694633
170,3.4,-3.6606793973729364
171,3.42,-4.108577211768533
172,3.44,-1.6192544381200298
173,3.46,-1.0332964356490217
174,3.48,-0.31908881344622153
175,3.5,2.498607881425281
176,3.52,2.7522022165598075
177,3.54,3.0334250848647653
178,3.56,4.294408249352804
179,3.58,4.4304103982168
180,3.6,4.468308221934281
181,3.62,5.495892952491283
182,3.64,4.181479442234362
183,3.66,4.231868149006049
184,3.68,3.5463550292235424
185,3.7,2.71897613024309
186,3.72,0.6310111963849659
187,3.74,-1.2870839736695363
188,3.7600000000000002,-2.434512151615815
189,3.7800000000000002,-1.5291518494846663
190,3.8000000000000003,-3.3342822741017564
191,3.8200000000000003,-5.232329281452354
192,3.84,-5.601438409074335
193,3.86,-4.901690464527529
194,3.88,-5.155864306915651
195,3.9,-2.7051885412696093
196,3.92,-3.4231494960146462
197,3.94,-1.6948309192208182
198,3.96,-0.13968180615128056
199,3.98,-1.2232677550996733
